Best fitness: 560308.1792Best solution: [7
 list([[8, 10, 20], [13, 7, 20], [14, 1, 20], [4, 20, 20], [11, 14, 20], [17, 1, 20], [5, 12, 20], [15, 6, 20]])
 list([[2, 5, 20], [18, 18, 20], [16, 1, 20], [19, 20, 20], [9, 18, 20]])]Best fitness: 560308.1792Best solution: [7
 list([[17, 20, 20], [9, 9, 20], [19, 11, 20], [9, 17, 20], [14, 13, 20], [14, 18, 20], [11, 7, 20], [20, 10, 20]])
 list([[13, 15, 20], [16, 8, 20], [13, 15, 20], [18, 7, 20], [15, 12, 20]])]Best fitness: 559695.25128Best solution: [8
 list([[19, 15, 20], [18, 13, 20], [11, 10, 20], [9, 4, 20], [13, 17, 20], [14, 6, 20], [16, 5, 20], [4, 18, 20]])
 list([[10, 14, 20], [13, 12, 20], [20, 15, 20], [7, 14, 20], [5, 18, 20]])]Best fitness: 558855.80652Best solution: [10
 list([[19, 13, 20], [3, 19, 20], [16, 3, 20], [6, 6, 20], [9, 7, 20], [7, 17, 20], [8, 10, 20], [17, 3, 20]])
 list([[15, 6, 20], [13, 12, 20], [18, 12, 20], [11, 4, 20], [13, 15, 20]])]Best fitness: 558855.80652Best solution: [10
 list([[19, 5, 20], [14, 11, 20], [8, 20, 20], [13, 20, 20], [17, 8, 20], [10, 5, 20], [9, 13, 20], [18, 14, 20]])
 list([[20, 3, 20], [20, 12, 20], [6, 3, 20], [3, 18, 20], [15, 9, 20]])]Best fitness: 558855.80652Best solution: [10
 list([[7, 7, 20], [8, 9, 20], [4, 19, 20], [14, 4, 20], [11, 20, 20], [9, 8, 20], [19, 7, 20], [12, 3, 20]])
 list([[13, 18, 20], [10, 12, 20], [16, 4, 20], [5, 15, 20], [20, 5, 20]])]Best fitness: 558579.6255600001Best solution: [2
 list([[3, 9, 20], [7, 6, 20], [16, 5, 20], [3, 19, 20], [13, 11, 20], [18, 17, 20], [12, 14, 20], [19, 3, 20]])
 list([[10, 9, 20], [17, 13, 20], [11, 5, 20], [4, 18, 20], [6, 5, 20]])]Best fitness: 558579.6255600001Best solution: [2
 list([[3, 8, 20], [10, 20, 20], [7, 14, 20], [18, 17, 20], [20, 19, 20], [15, 3, 20], [9, 4, 20], [8, 16, 20]])
 list([[18, 19, 20], [13, 8, 20], [12, 9, 20], [16, 20, 20], [5, 12, 20]])]Best fitness: 558579.6255600001Best solution: [2
 list([[18, 15, 20], [13, 10, 20], [20, 7, 20], [17, 19, 20], [3, 18, 20], [13, 11, 20], [14, 17, 20], [6, 3, 20]])
 list([[11, 5, 20], [7, 8, 20], [6, 4, 20], [10, 16, 20], [5, 9, 20]])]Best fitness: 558164.1428Best solution: [7
 list([[17, 5, 20], [18, 9, 20], [19, 14, 20], [4, 18, 20], [8, 14, 20], [6, 16, 20], [5, 3, 20], [15, 13, 20]])
 list([[16, 19, 20], [3, 10, 20], [14, 18, 20], [6, 15, 20], [7, 8, 20]])]Best fitness: 558164.1428Best solution: [7
 list([[9, 12, 20], [4, 18, 20], [16, 20, 20], [9, 15, 20], [5, 3, 20], [15, 19, 20], [14, 14, 20], [12, 11, 20]])
 list([[6, 20, 20], [5, 4, 20], [19, 10, 20], [13, 8, 20], [5, 6, 20]])]Best fitness: 557294.41504Best solution: [4
 list([[7, 18, 20], [13, 8, 20], [6, 10, 20], [4, 7, 20], [20, 4, 20], [10, 4, 20], [14, 5, 20], [3, 15, 20]])
 list([[17, 14, 20], [17, 19, 20], [15, 17, 20], [8, 6, 20], [5, 3, 20]])]Best fitness: 557294.41504Best solution: [4
 list([[13, 16, 20], [8, 13, 20], [6, 14, 20], [12, 15, 20], [19, 6, 20], [4, 7, 20], [16, 5, 20], [6, 4, 20]])
 list([[10, 3, 20], [8, 20, 20], [20, 19, 20], [14, 9, 20], [11, 17, 20]])]Best fitness: 557294.41504Best solution: [4
 list([[5, 6, 20], [3, 4, 20], [20, 11, 20], [20, 19, 20], [13, 18, 20], [16, 17, 20], [15, 5, 20], [9, 20, 20]])
 list([[17, 19, 20], [18, 16, 20], [12, 19, 20], [7, 8, 20], [8, 5, 20]])]Best fitness: 557294.41504Best solution: [4
 list([[12, 17, 20], [7, 18, 20], [20, 8, 20], [19, 12, 20], [15, 11, 20], [6, 17, 20], [6, 13, 20], [16, 5, 20]])
 list([[3, 10, 20], [15, 11, 20], [17, 16, 20], [14, 20, 20], [10, 17, 20]])]Best fitness: 557294.41504Best solution: [4
 list([[20, 6, 20], [11, 6, 20], [9, 3, 20], [12, 13, 20], [13, 14, 20], [3, 12, 20], [16, 9, 20], [19, 17, 20]])
 list([[16, 10, 20], [17, 3, 20], [4, 18, 20], [12, 20, 20], [18, 19, 20]])]Best fitness: 557294.41504Best solution: [4
 list([[11, 11, 20], [3, 14, 20], [20, 6, 20], [4, 10, 20], [15, 17, 20], [18, 3, 20], [6, 20, 20], [17, 8, 20]])
 list([[16, 12, 20], [8, 18, 20], [17, 18, 20], [10, 20, 20], [14, 7, 20]])]Best fitness: 557294.41504Best solution: [4
 list([[7, 17, 20], [10, 15, 20], [18, 13, 20], [10, 15, 20], [9, 17, 20], [11, 10, 20], [17, 7, 20], [12, 8, 20]])
 list([[16, 6, 20], [13, 5, 20], [6, 18, 20], [8, 13, 20], [3, 7, 20]])]Best fitness: 557294.41504Best solution: [4
 list([[5, 10, 20], [8, 13, 20], [15, 3, 20], [10, 6, 20], [9, 4, 20], [6, 20, 20], [13, 7, 20], [11, 19, 20]])
 list([[10, 19, 20], [15, 16, 20], [20, 10, 20], [9, 9, 20], [10, 12, 20]])]Best fitness: 557294.41504Best solution: [4
 list([[13, 18, 20], [6, 3, 20], [15, 12, 20], [3, 16, 20], [7, 20, 20], [9, 18, 20], [6, 11, 20], [12, 9, 20]])
 list([[20, 6, 20], [18, 4, 20], [10, 5, 20], [19, 18, 20], [10, 4, 20]])]Best fitness: 557294.41504Best solution: [4
 list([[9, 20, 20], [18, 19, 20], [12, 5, 20], [7, 16, 20], [13, 13, 20], [15, 7, 20], [10, 8, 20], [5, 7, 20]])
 list([[14, 9, 20], [4, 8, 20], [16, 5, 20], [10, 12, 20], [6, 14, 20]])]Best fitness: 557294.41504Best solution: [4
 list([[12, 11, 20], [14, 6, 20], [5, 8, 20], [14, 14, 20], [18, 16, 20], [20, 20, 20], [11, 17, 20], [16, 5, 20]])
 list([[18, 12, 20], [4, 14, 20], [10, 13, 20], [13, 7, 20], [17, 19, 20]])]Best fitness: 557294.41504Best solution: [4
 list([[4, 18, 20], [3, 17, 20], [6, 13, 20], [18, 19, 20], [8, 5, 20], [19, 3, 20], [10, 6, 20], [5, 6, 20]])
 list([[4, 5, 20], [18, 4, 20], [16, 4, 20], [14, 20, 20], [17, 14, 20]])]Best fitness: 557294.41504Best solution: [4
 list([[4, 18, 20], [8, 11, 20], [16, 18, 20], [5, 17, 20], [15, 11, 20], [5, 3, 20], [6, 7, 20], [3, 12, 20]])
 list([[8, 16, 20], [9, 20, 20], [4, 13, 20], [10, 9, 20], [13, 12, 20]])]Best fitness: 557294.41504Best solution: [4
 list([[9, 5, 20], [3, 8, 20], [6, 4, 20], [13, 6, 20], [10, 20, 20], [16, 6, 20], [15, 10, 20], [14, 13, 20]])
 list([[16, 12, 20], [4, 14, 20], [11, 11, 20], [18, 15, 20], [4, 16, 20]])]